2108
1640
2216
663
1958
2246
668
1130
1808
632
734
1389
1490
488
1634
1814
1244
2000
2138
548
2102
452
308
1718
1922
800
1100
1707
379
2066
2072
93
1268
338
584
884
1316
1784
87
164
1346
56
273
447
1166
302
482
698
699
1165
1526
1563
2132
50
595
1239
1340
1886
44
374
597
1556
1989
2240
8
1173
1273
1280
1311
1995
2139
404
1136
1454
1820
123
368
445
1208
1821
1161
1376
1382
1671
1676
1785
2071
915
1125
1562
1813
2217
236
590
633
843
955
1635
2073
2253
266
662
740
920
987
1058
1167
1418
1778
20
314
811
943
944
1274
1359
1603
1699
1819
2173
45
122
344
483
735
872
914
1059
1489
1532
1927
1934
92
921
1419
1592
1633
1862
2097
2174
2204
2247
878
1023
1629
2210
410
710
1203
1347
1358
1448
1856
1892
1959
1963
1970
14
1713
1742
152
705
260
272
1051
1094
1101
1826
1857
2031
7
128
375
525
566
638
764
1028
1088
1310
1496
1527
1568
2024
2251
200
745
956
1705
2029
2059
2222
79
153
524
1209
1460
1851
1993
2036
2211
206
625
728
770
812
1021
1202
1381
1388
1455
1706
957
1016
1029
1195
1677
1850
1952
2252
807
1065
1131
1809
1994
376
561
1093
2277
9
21
547
555
621
998
1123
1352
1743
224
380
657
993
1027
1172
2038
2289
163
476
596
703
951
1106
1628
1779
2175
309
405
553
602
769
777
1201
1269
1281
1748
86
199
477
1383
1605
1791
1845
1935
2060
91
133
158
415
475
489
513
560
847
1609
1777
1891
1899
1987
2030
765
854
992
1171
1880
194
519
591
1423
1598
267
367
523
626
783
883
908
1137
1491
1664
1928
2131
2218
171
193
229
913
1520
1735
1929
2096
129
231
411
556
661
733
806
1064
1124
1339
1669
1736
1916
2067
2078
2107
88
409
799
1238
1485
1641
1849
2275
85
188
303
417
877
1425
1521
1772
1885
2006
2241
2288
57
116
441
655
739
763
771
879
1095
1135
1197
1232
1245
1375
1424
1465
1597
1599
1708
2294
165
230
307
620
1087
1394
1447
1604
1965
2145
2186
2258
13
675
776
1285
1351
1700
1887
1957
439
585
656
669
704
979
1453
1497
1712
2023
2144
603
1178
1303
1575
2276
2287
80
339
813
1015
1099
1207
1215
1322
1413
1569
1593
1923
51
512
589
741
991
1022
1160
1377
1525
1753
2150
2180
2203
15
369
559
1287
1341
1533
1683
1893
1999
2061
2114
49
296
518
670
985
1921
2007
2113
2212
98
403
619
775
818
986
1312
1395
1933
2133
2295
81
421
481
691
700
982
1132
1159
1503
1843
134
554
1142
1744
1917
99
121
279
349
1017
1231
1459
1606
2137
873
950
1412
1737
2025
2035
2101
2109
298
345
837
848
1129
1717
1719
1971
225
337
520
530
549
808
1309
1502
1561
1790
62
278
490
1988
2037
2115
2168
2209
343
416
446
1179
1417
1519
1591
1749
1754
1783
1861
2257
373
494
511
1105
1286
1816
195
242
332
674
842
1539
1682
2281
2283
25
495
1276
1466
1930
2282
315
658
693
963
1315
1484
1528
2001
2187
297
423
448
631
667
849
1237
1647
1827
1855
1964
2143
514
782
880
961
994
1610
1663
1924
27
333
1233
1420
97
151
207
385
692
1567
261
313
453
517
601
627
945
1196
1670
1675
1915
2068
2239
2245
46
117
350
1035
1057
1714
1825
159
487
583
801
259
271
910
1060
1462
1678
201
382
386
844
999
1240
2205
805
926
1564
1684
1771
2095
2259
187
1243
1741
2181
592
746
885
919
1053
1251
1807
2041
484
493
1449
1555
1574
1639
1888
2170
2176
331
531
727
1107
1611
2146
440
1384
1467
157
189
458
841
1213
1305
127
154
238
346
962
1234
1393
1701
1738
58
946
1070
1267
1711
2293
927
980
1951
265
422
981
1636
2043
26
170
241
295
1168
2151
82
301
622
673
747
802
949
988
1570
1815
1898
925
1033
2042
2062
2077
2223
1279
1486
1665
1747
1773
1960
2026
2149
2167
442
562
835
1018
1063
1089
1918
2248
55
160
871
1390
1573
169
232
304
1066
1642
1789
237
2032
268
529
634
1141
1780
1792
772
838
1461
1882
637
820
850
1450
1966
639
697
778
1024
1627
1897
190
406
1953
2284
351
370
1881
235
568
730
819
836
1431
1755
115
909
952
1495
1646
1844
1411
2179
565
1034
1672
2110
2290
742
2278
889
1069
1198
1317
1414
2008
1250
1323
1357
2140
64
1342
1900
19
709
1174
1537
1645
196
412
567
676
1426
2065
2074
1143
1429
1538
1863
381
1052
1102
1702
118
1852
2103
781
586
817
1246
1270
43
454
2098
2169
1126
1492
2221
997
1252
1282
1456
387
886
1306
736
2185
916
604
316
1430
598
1275
2152
61
63
664
694
1498
1534
1990
94
748
1204
166
478
1054
1071
1249
1681
16
1954
418
451
711
243
1180
628
1345
1600
2188
277
1630
1144
1378
2260
205
928
1090
1594
244
1108
274
729
922
1354
1996
1214
1666
1501
1236
1774
1810
1846
1648
262
1036
226
890
1000
1030
1210
1504
1894
457
2254
136
1348
146
388
526
1360
1558
1879
208
1522
1786
1858
2104
398
408
1874
2044
172
1096
1324
1972
1216
1822
223
352
2224
10
1082
2296
2215
1612
38
1162
1387
1828
2018
52
340
874
964
1369
424
892
460
1750
1838
958
532
2162
712
1072
1658
130
135
1478
1587
290
434
855
1010
1226
1396
2126
2172
12
218
384
2182
1298
1540
2206
1549
856
28
907
1435
1406
2234
1371
1740
1981
550
939
1177
1969
22
758
1626
2054
506
2192
686
829
2064
640
2134
471
1720
325
902
810
1730
1983
362
2242
480
1092
1119
156
182
280
830
1011
1659
968
1508
1760
183
938
984
1257
794
1695
2091
578
614
1190
1616
100
1288
1353
1848
2199
120
162
660
1723
2080
687
840
1227
264
891
1477
291
912
429
721
1334
2034
2156
1344
2136
2269
444
1514
1596
1657
184
361
1386
1557
150
84
326
1164
1262
1422
1333
1839
2142
2
541
546
1488
1946
1992
2120
1868
1940
248
334
1432
644
1442
1694
363
435
814
1674
140
1802
2002
74
222
1920
2202
650
1756
1878
3
516
594
759
1293
865
973
1081
1982
2090
181
649
1441
1560
276
542
798
2271
294
1026
1401
1765
1622
1864
103
234
866
1693
1729
1854
145
186
1782
2094
48
177
402
990
1962
2127
2130
33
715
1118
1468
1698
507
974
1416
147
572
198
289
579
1586
793
2228
1710
397
500
1062
139
300
496
690
825
954
1524
1554
168
1297
2092
39
577
1407
1801
464
2106
372
438
522
831
1272
651
1122
1544
1926
1950
364
680
823
948
1134
1623
2280
932
1047
1191
255
789
1230
1818
90
1183
846
1910
2301
330
766
978
1176
1185
1472
1483
1530
1624
1806
258
552
757
795
834
901
1302
1767
342
1304
1308
1551
1662
1797
1875
2089
450
1045
2250
615
1032
1364
2053
132
254
1436
1652
2058
2070
931
1086
1263
1842
470
1458
1688
110
588
1083
1550
564
1189
1804
124
896
1687
2047
40
787
876
1766
1941
211
1704
24
654
1300
1400
666
1734
1932
126
1014
1314
1621
2238
76
558
1020
2112
701
1392
420
510
1076
1473
702
903
176
336
738
1428
1572
2214
73
760
2244
870
1690
508
788
933
937
1408
1936
2048
2055
1192
320
1194
1998
2166
2235
1637
1803
1956
37
774
1158
1261
1904
348
377
535
724
1291
2208
378
543
1003
1050
1220
1356
1746
1884
465
1097
1
2028
78
1128
1241
1370
2193
217
2274
1112
1374
68
310
469
616
1040
253
582
796
114
1278
306
1338
1890
2121
636
762
882
1056
1328
1410
1668
2085
2263
355
474
859
924
1444
1552
1601
1947
2256
192
1154
1536
213
1148
1153
1585
1968
112
284
1041
1515
1590
580
1770
1909
2292
600
1212
1318
1752
1776
2272
969
1098
1320
1761
249
722
723
860
887
1463
918
1579
1580
1984
2164
328
1255
1349
1350
428
486
613
706
1292
399
449
499
867
868
942
1911
852
967
1507
2019
31
751
1169
1479
1509
427
1581
2017
256
1200
1978
2197
665
940
1385
2161
400
888
895
1266
1595
1632
2012
2270
23
1405
2300
618
906
1873
1945
2163
630
853
1494
1914
2013
681
1480
732
1319
2148
17
608
824
1117
1446
2063
59
357
414
839
1602
1833
1986
2005
2086
47
528
1084
1329
1961
191
1170
1206
1543
1644
2105
53
203
976
1046
1150
1545
54
975
1005
1363
1566
1615
1680
1724
219
491
1689
1812
2014
106
413
573
672
105
744
1867
815
1012
1140
1860
659
696
1113
1452
1638
1775
1876
2079
2285
2299
456
1548
327
459
1696
212
1660
1837
1976
2229
2286
204
463
1055
1284
1685
131
521
970
1925
1948
2100
816
1335
1500
2056
1853
2233
42
175
1768
1869
366
472
832
2076
32
239
960
1048
141
645
707
1186
1651
1832
2049
492
1256
1299
1732
2040
2178
2227
228
281
1147
1163
1221
1242
2189
904
1075
1199
624
679
708
716
726
947
1068
1104
1264
1582
1895
2020
2264
629
1531
1811
593
923
996
275
1716
178
1067
1516
1631
1781
1840
2011
227
731
790
1336
1731
2022
2039
851
2183
2220
240
269
321
1001
1111
2135
161
216
430
609
713
792
1889
1991
2128
2219
780
804
1061
1219
1739
1973
2249
283
2191
319
1289
1343
1955
536
1037
1795
1903
83
292
322
443
1205
1321
1831
2184
167
312
383
389
537
607
743
1073
1365
1397
1725
1817
60
305
917
1703
2261
270
505
1427
1608
1788
173
285
1091
1847
2122
2255
18
263
1476
1896
2268
109
551
1077
1518
1967
2004
96
358
563
643
695
1039
1751
407
959
983
1109
1443
1673
2033
2291
247
965
1149
1271
1745
1824
4
65
101
197
311
432
1145
1726
1905
2155
72
720
1114
1120
1188
2016
392
881
1222
1355
1469
1931
2243
544
2125
324
391
587
989
1499
335
1031
1327
1618
2069
2081
2196
246
436
752
1529
1793
2177
2213
69
785
803
1260
1368
1653
11
233
393
571
635
784
809
1138
1402
1937
2088
67
341
425
995
2119
250
773
1009
1181
1366
1399
1434
1438
1440
1715
1944
220
299
347
501
646
717
1103
1613
1759
2154
288
540
684
1127
1228
2225
2279
36
104
504
574
786
857
1380
1437
1577
1649
1667
1883
1901
2075
718
1175
1184
1505
1617
1654
1975
2232
89
148
538
648
671
677
754
826
1182
1258
1313
1474
1510
1588
1709
1939
2027
2111
137
142
394
485
527
533
652
688
864
898
972
1025
1038
1139
1277
1404
1487
1546
1571
1692
1865
1997
2265
0
6
209
737
768
1019
1042
1248
1253
1464
1535
1769
1866
1912
2084
2093
2124
2236
2266
2298
2302
30
108
202
371
455
468
502
749
861
862
953
1002
1110
1290
1421
1451
1620
1733
1796
1834
1942
1980
2116
2141
2158
2207
29
144
210
286
317
354
419
461
466
498
515
569
678
685
753
779
845
1006
1116
1156
1247
1294
1325
1391
1512
1607
1643
1679
1758
1798
1823
2003
2118
2153
2226
